Evaluation Report
=================
RMSE: 587.984614
MAE: 272.648572
R2: 0.979662
MAPE: 3954.563658
